NAME	SYMBOL	TITLE	RANK IN GENE LIST	RANK METRIC SCORE	RUNNING ES	CORE ENRICHMENT	
row_0	PLK4	polo like kinase 4 [Source:HGNC Symbol;Acc:HGNC:11397]	61	0.43468424677848816	0.015283325	No	
row_1	SLC27A2	solute carrier family 27 member 2 [Source:HGNC Symbol;Acc:HGNC:10996]	82	0.40535858273506165	0.031371452	No	
row_2	MYB	MYB proto-oncogene, transcription factor [Source:HGNC Symbol;Acc:HGNC:7545]	105	0.3879335820674896	0.046625663	No	
row_3	KIF20A	kinesin family member 20A [Source:HGNC Symbol;Acc:HGNC:9787]	119	0.37672826647758484	0.061855596	No	
row_4	SLC16A1	solute carrier family 16 member 1 [Source:HGNC Symbol;Acc:HGNC:10922]	181	0.3403933048248291	0.07316508	No	
row_5	NMU	neuromedin U [Source:HGNC Symbol;Acc:HGNC:7859]	231	0.3163360357284546	0.08405798	No	
row_6	GAL	galanin and GMAP prepropeptide [Source:HGNC Symbol;Acc:HGNC:4114]	247	0.30935680866241455	0.09634903	No	
row_7	TOP2A	DNA topoisomerase II alpha [Source:HGNC Symbol;Acc:HGNC:11989]	293	0.2959117293357849	0.10658025	No	
row_8	GINS2	GINS complex subunit 2 [Source:HGNC Symbol;Acc:HGNC:24575]	355	0.27721598744392395	0.11522716	No	
row_9	CDC6	cell division cycle 6 [Source:HGNC Symbol;Acc:HGNC:1744]	386	0.2688567638397217	0.12506476	No	
row_10	NRIP1	nuclear receptor interacting protein 1 [Source:HGNC Symbol;Acc:HGNC:8001]	476	0.24904854595661163	0.13113092	No	
row_11	RBBP8	RB binding protein 8, endonuclease [Source:HGNC Symbol;Acc:HGNC:9891]	500	0.24540913105010986	0.14032875	No	
row_12	ASCL1	achaete-scute family bHLH transcription factor 1 [Source:HGNC Symbol;Acc:HGNC:738]	507	0.2444433867931366	0.15033203	No	
row_13	TIAM1	TIAM Rac1 associated GEF 1 [Source:HGNC Symbol;Acc:HGNC:11805]	530	0.24052226543426514	0.15937369	No	
row_14	IL17RB	interleukin 17 receptor B [Source:HGNC Symbol;Acc:HGNC:18015]	698	0.21531768143177032	0.16013594	No	
row_15	UGDH	UDP-glucose 6-dehydrogenase [Source:HGNC Symbol;Acc:HGNC:12525]	716	0.21397171914577484	0.1683075	No	
row_16	DNAJC12	DnaJ heat shock protein family (Hsp40) member C12 [Source:HGNC Symbol;Acc:HGNC:28908]	905	0.19428417086601257	0.16713807	No	
row_17	RNASEH2A	ribonuclease H2 subunit A [Source:HGNC Symbol;Acc:HGNC:18518]	983	0.18705502152442932	0.17118883	No	
row_18	HSPA4L	heat shock protein family A (Hsp70) member 4 like [Source:HGNC Symbol;Acc:HGNC:17041]	1171	0.17204709351062775	0.16913201	No	
row_19	STIL	STIL centriolar assembly protein [Source:HGNC Symbol;Acc:HGNC:10879]	1209	0.16958358883857727	0.17443739	No	
row_20	SLC7A5	solute carrier family 7 member 5 [Source:HGNC Symbol;Acc:HGNC:11063]	1418	0.15604248642921448	0.17066081	No	
row_21	RET	ret proto-oncogene [Source:HGNC Symbol;Acc:HGNC:9967]	1458	0.15351602435112	0.17518948	No	
row_22	CDC20	cell division cycle 20 [Source:HGNC Symbol;Acc:HGNC:1723]	1812	0.13514207303524017	0.16331491	No	
row_23	FKBP4	FKBP prolyl isomerase 4 [Source:HGNC Symbol;Acc:HGNC:3720]	1946	0.12809933722019196	0.1620937	No	
row_24	SORD	sorbitol dehydrogenase [Source:HGNC Symbol;Acc:HGNC:11184]	2121	0.12083263695240021	0.15852553	No	
row_25	IDH2	isocitrate dehydrogenase (NADP(+)) 2 [Source:HGNC Symbol;Acc:HGNC:5383]	2233	0.1162373498082161	0.15789941	No	
row_26	BTG3	BTG anti-proliferation factor 3 [Source:HGNC Symbol;Acc:HGNC:1132]	2234	0.11620785295963287	0.16279693	No	
row_27	IMPA2	inositol monophosphatase 2 [Source:HGNC Symbol;Acc:HGNC:6051]	2352	0.11195026338100433	0.1616915	No	
row_28	DHCR7	7-dehydrocholesterol reductase [Source:HGNC Symbol;Acc:HGNC:2860]	2372	0.111390121281147	0.16544028	No	
row_29	CKB	creatine kinase B [Source:HGNC Symbol;Acc:HGNC:1991]	2392	0.11085455119609833	0.16916648	No	
row_30	PPIF	peptidylprolyl isomerase F [Source:HGNC Symbol;Acc:HGNC:9259]	2522	0.10685347765684128	0.16724896	No	
row_31	FOXC1	forkhead box C1 [Source:HGNC Symbol;Acc:HGNC:3800]	2559	0.10555136948823929	0.16990551	No	
row_32	XRCC3	X-ray repair cross complementing 3 [Source:HGNC Symbol;Acc:HGNC:12830]	2793	0.09816710650920868	0.16244549	No	
row_33	FLNB	filamin B [Source:HGNC Symbol;Acc:HGNC:3755]	2876	0.09541121125221252	0.1623851	No	
row_34	FARP1	FERM, ARH/RhoGEF and pleckstrin domain protein 1 [Source:HGNC Symbol;Acc:HGNC:3591]	2984	0.0921589657664299	0.16094331	No	
row_35	PLXNB1	plexin B1 [Source:HGNC Symbol;Acc:HGNC:9103]	3086	0.08950585126876831	0.15968835	No	
row_36	FKBP5	FKBP prolyl isomerase 5 [Source:HGNC Symbol;Acc:HGNC:3721]	3100	0.08906200528144836	0.16279477	No	
row_37	BAG1	BAG cochaperone 1 [Source:HGNC Symbol;Acc:HGNC:937]	3132	0.08827166259288788	0.16497195	No	
row_38	PERP	p53 apoptosis effector related to PMP22 [Source:HGNC Symbol;Acc:HGNC:17637]	3142	0.08799766004085541	0.16823259	No	
row_39	HPRT1	hypoxanthine phosphoribosyltransferase 1 [Source:HGNC Symbol;Acc:HGNC:5157]	3469	0.07982970029115677	0.1553708	No	
row_40	COX6C	cytochrome c oxidase subunit 6C [Source:HGNC Symbol;Acc:HGNC:2285]	3687	0.07470027357339859	0.14771815	No	
row_41	GLA	galactosidase alpha [Source:HGNC Symbol;Acc:HGNC:4296]	3845	0.0711558535695076	0.14290252	No	
row_42	CACNA2D2	calcium voltage-gated channel auxiliary subunit alpha2delta 2 [Source:HGNC Symbol;Acc:HGNC:1400]	3922	0.06983631104230881	0.14206295	No	
row_43	ASS1	argininosuccinate synthase 1 [Source:HGNC Symbol;Acc:HGNC:758]	3925	0.06978416442871094	0.1449044	No	
row_44	SCARB1	scavenger receptor class B member 1 [Source:HGNC Symbol;Acc:HGNC:1664]	3994	0.06823639571666718	0.14439559	No	
row_45	CHPT1	choline phosphotransferase 1 [Source:HGNC Symbol;Acc:HGNC:17852]	4353	0.060638684779405594	0.12913224	No	
row_46	METTL3	methyltransferase like 3 [Source:HGNC Symbol;Acc:HGNC:17563]	4373	0.06032714992761612	0.130729	No	
row_47	SLC22A5	solute carrier family 22 member 5 [Source:HGNC Symbol;Acc:HGNC:10969]	4645	0.0547458678483963	0.119547606	No	
row_48	FDFT1	farnesyl-diphosphate farnesyltransferase 1 [Source:HGNC Symbol;Acc:HGNC:3629]	4796	0.05193934217095375	0.11427053	No	
row_49	DCXR	dicarbonyl and L-xylulose reductase [Source:HGNC Symbol;Acc:HGNC:18985]	5211	0.04474295675754547	0.09554995	No	
row_50	FABP5	fatty acid binding protein 5 [Source:HGNC Symbol;Acc:HGNC:3560]	5317	0.04297618940472603	0.09213494	No	
row_51	HOMER2	homer scaffold protein 2 [Source:HGNC Symbol;Acc:HGNC:17513]	5673	0.03724413737654686	0.07603496	No	
row_52	SLC26A2	solute carrier family 26 member 2 [Source:HGNC Symbol;Acc:HGNC:10994]	5765	0.03567593917250633	0.07300911	No	
row_53	MDK	midkine [Source:HGNC Symbol;Acc:HGNC:6972]	5783	0.03530975803732872	0.073651075	No	
row_54	TST	thiosulfate sulfurtransferase [Source:HGNC Symbol;Acc:HGNC:12388]	5892	0.03390483930706978	0.06970443	No	
row_55	NXT1	nuclear transport factor 2 like export factor 1 [Source:HGNC Symbol;Acc:HGNC:15913]	6091	0.030817564576864243	0.06114806	No	
row_56	SIAH2	siah E3 ubiquitin protein ligase 2 [Source:HGNC Symbol;Acc:HGNC:10858]	6095	0.030774163082242012	0.062295698	No	
row_57	PDCD4	programmed cell death 4 [Source:HGNC Symbol;Acc:HGNC:8763]	6379	0.026827847585082054	0.049340434	No	
row_58	TSTA3	tissue specific transplantation antigen P35B [Source:HGNC Symbol;Acc:HGNC:12390]	7178	0.01584332250058651	0.0102888625	No	
row_59	NAB2	NGFI-A binding protein 2 [Source:HGNC Symbol;Acc:HGNC:7627]	7226	0.015172508545219898	0.008588943	No	
row_60	CA12	carbonic anhydrase 12 [Source:HGNC Symbol;Acc:HGNC:1371]	7418	0.01284478697925806	-3.7646547E-4	No	
row_61	ETFB	electron transfer flavoprotein subunit beta [Source:HGNC Symbol;Acc:HGNC:3482]	7909	0.006921997759491205	-0.024473771	No	
row_62	HR	HR lysine demethylase and nuclear receptor corepressor [Source:HGNC Symbol;Acc:HGNC:5172]	8058	0.005362659227102995	-0.031614248	No	
row_63	SLC2A8	solute carrier family 2 member 8 [Source:HGNC Symbol;Acc:HGNC:13812]	8373	0.0016937723848968744	-0.047171753	No	
row_64	KLK11	kallikrein related peptidase 11 [Source:HGNC Symbol;Acc:HGNC:6359]	8636	-0.0010250788182020187	-0.060169216	No	
row_65	ELOVL5	ELOVL fatty acid elongase 5 [Source:HGNC Symbol;Acc:HGNC:21308]	8724	-0.0018713464960455894	-0.06442065	No	
row_66	PLAC1	placenta enriched 1 [Source:HGNC Symbol;Acc:HGNC:9044]	8730	-0.001905247918330133	-0.06458922	No	
row_67	RAPGEFL1	Rap guanine nucleotide exchange factor like 1 [Source:HGNC Symbol;Acc:HGNC:17428]	8950	-0.003915583714842796	-0.0753246	No	
row_68	ARL3	ADP ribosylation factor like GTPase 3 [Source:HGNC Symbol;Acc:HGNC:694]	8962	-0.004005804192274809	-0.07570329	No	
row_69	DLG5	discs large MAGUK scaffold protein 5 [Source:HGNC Symbol;Acc:HGNC:2904]	9074	-0.0049984995275735855	-0.081017494	No	
row_70	LARGE1	LARGE xylosyl- and glucuronyltransferase 1 [Source:HGNC Symbol;Acc:HGNC:6511]	9076	-0.005051970947533846	-0.08085436	No	
row_71	TPBG	trophoblast glycoprotein [Source:HGNC Symbol;Acc:HGNC:12004]	9422	-0.008448222652077675	-0.097670175	No	
row_72	TSPAN13	tetraspanin 13 [Source:HGNC Symbol;Acc:HGNC:21643]	9522	-0.00914329756051302	-0.10221242	No	
row_73	CHST8	carbohydrate sulfotransferase 8 [Source:HGNC Symbol;Acc:HGNC:15993]	9882	-0.01213401835411787	-0.119569734	No	
row_74	SOX3	SRY-box transcription factor 3 [Source:HGNC Symbol;Acc:HGNC:11199]	10315	-0.015585961751639843	-0.14041504	No	
row_75	OVOL2	ovo like zinc finger 2 [Source:HGNC Symbol;Acc:HGNC:15804]	10370	-0.015953512862324715	-0.14243045	No	
row_76	LLGL2	LLGL scribble cell polarity complex component 2 [Source:HGNC Symbol;Acc:HGNC:6629]	10419	-0.01630266383290291	-0.14413252	No	
row_77	CYP26B1	cytochrome P450 family 26 subfamily B member 1 [Source:HGNC Symbol;Acc:HGNC:20581]	10524	-0.01713475026190281	-0.14858684	No	
row_78	ITPK1	inositol-tetrakisphosphate 1-kinase [Source:HGNC Symbol;Acc:HGNC:6177]	10597	-0.017654091119766235	-0.15142651	No	
row_79	TFF1	trefoil factor 1 [Source:HGNC Symbol;Acc:HGNC:11755]	10874	-0.019634507596492767	-0.16433652	No	
row_80	TJP3	tight junction protein 3 [Source:HGNC Symbol;Acc:HGNC:11829]	10881	-0.019697144627571106	-0.16380504	No	
row_81	KLK10	kallikrein related peptidase 10 [Source:HGNC Symbol;Acc:HGNC:6358]	11206	-0.022228451445698738	-0.17899485	No	
row_82	FGFR3	fibroblast growth factor receptor 3 [Source:HGNC Symbol;Acc:HGNC:3690]	11339	-0.02324492111802101	-0.18458532	No	
row_83	CCN5	cellular communication network factor 5 [Source:HGNC Symbol;Acc:HGNC:12770]	11391	-0.023700734600424767	-0.18612492	No	
row_84	PKP3	plakophilin 3 [Source:HGNC Symbol;Acc:HGNC:9025]	11539	-0.0247985627502203	-0.1923965	No	
row_85	ANXA9	annexin A9 [Source:HGNC Symbol;Acc:HGNC:547]	11735	-0.02639193646609783	-0.20099007	No	
row_86	ALDH3B1	aldehyde dehydrogenase 3 family member B1 [Source:HGNC Symbol;Acc:HGNC:410]	11845	-0.027203217148780823	-0.20526892	No	
row_87	ABCA3	ATP binding cassette subfamily A member 3 [Source:HGNC Symbol;Acc:HGNC:33]	11913	-0.027660349383950233	-0.20743802	No	
row_88	ADD3	adducin 3 [Source:HGNC Symbol;Acc:HGNC:245]	11962	-0.0281098373234272	-0.20864247	No	
row_89	MOCS2	molybdenum cofactor synthesis 2 [Source:HGNC Symbol;Acc:HGNC:7193]	12024	-0.02854093722999096	-0.21047582	No	
row_90	SCNN1A	sodium channel epithelial 1 subunit alpha [Source:HGNC Symbol;Acc:HGNC:10599]	12391	-0.031371235847473145	-0.22737081	No	
row_91	CLIC3	chloride intracellular channel 3 [Source:HGNC Symbol;Acc:HGNC:2064]	12503	-0.03229380398988724	-0.23153467	No	
row_92	KRT13	keratin 13 [Source:HGNC Symbol;Acc:HGNC:6415]	12510	-0.032332174479961395	-0.23047069	No	
row_93	EGR3	early growth response 3 [Source:HGNC Symbol;Acc:HGNC:3240]	12582	-0.03294935077428818	-0.23261598	No	
row_94	NCOR2	nuclear receptor corepressor 2 [Source:HGNC Symbol;Acc:HGNC:7673]	12607	-0.033171311020851135	-0.23241256	No	
row_95	KCNK5	potassium two pore domain channel subfamily K member 5 [Source:HGNC Symbol;Acc:HGNC:6280]	12975	-0.036264125257730484	-0.24915111	No	
row_96	PDLIM3	PDZ and LIM domain 3 [Source:HGNC Symbol;Acc:HGNC:20767]	13008	-0.03651140630245209	-0.24920511	No	
row_97	DUSP2	dual specificity phosphatase 2 [Source:HGNC Symbol;Acc:HGNC:3068]	13052	-0.03691704198718071	-0.24978954	No	
row_98	CYP4F11	cytochrome P450 family 4 subfamily F member 11 [Source:HGNC Symbol;Acc:HGNC:13265]	13111	-0.03756123036146164	-0.2510934	No	
row_99	SFN	stratifin [Source:HGNC Symbol;Acc:HGNC:10773]	13173	-0.038187962025403976	-0.25252017	No	
row_100	ABHD2	abhydrolase domain containing 2, acylglycerol lipase [Source:HGNC Symbol;Acc:HGNC:18717]	13415	-0.040318604558706284	-0.2628164	No	
row_101	SULT2B1	sulfotransferase family 2B member 1 [Source:HGNC Symbol;Acc:HGNC:11459]	13610	-0.04213067516684532	-0.27069688	No	
row_102	GPER1	G protein-coupled estrogen receptor 1 [Source:HGNC Symbol;Acc:HGNC:4485]	13812	-0.044042717665433884	-0.27884522	No	
row_103	TNNC1	troponin C1, slow skeletal and cardiac type [Source:HGNC Symbol;Acc:HGNC:11943]	13890	-0.04486336186528206	-0.28078702	No	
row_104	GJB3	gap junction protein beta 3 [Source:HGNC Symbol;Acc:HGNC:4285]	13907	-0.04495201259851456	-0.27968892	No	
row_105	ALDH3A2	aldehyde dehydrogenase 3 family member A2 [Source:HGNC Symbol;Acc:HGNC:403]	13952	-0.04536280781030655	-0.2799672	No	
row_106	ID2	inhibitor of DNA binding 2 [Source:HGNC Symbol;Acc:HGNC:5361]	14009	-0.04594600573182106	-0.28081813	No	
row_107	TFF3	trefoil factor 3 [Source:HGNC Symbol;Acc:HGNC:11757]	14049	-0.04632585868239403	-0.28080693	No	
row_108	CISH	cytokine inducible SH2 containing protein [Source:HGNC Symbol;Acc:HGNC:1984]	14077	-0.04668929800391197	-0.2801831	No	
row_109	BCL2	BCL2 apoptosis regulator [Source:HGNC Symbol;Acc:HGNC:990]	14185	-0.04781277850270271	-0.28349385	No	
row_110	OLFM1	olfactomedin 1 [Source:HGNC Symbol;Acc:HGNC:17187]	14188	-0.047820303589105606	-0.28157803	No	
row_111	CELSR2	cadherin EGF LAG seven-pass G-type receptor 2 [Source:HGNC Symbol;Acc:HGNC:3231]	14223	-0.04822405427694321	-0.28123796	No	
row_112	CPE	carboxypeptidase E [Source:HGNC Symbol;Acc:HGNC:2303]	14395	-0.05039498955011368	-0.28762537	No	
row_113	BATF	basic leucine zipper ATF-like transcription factor [Source:HGNC Symbol;Acc:HGNC:958]	14448	-0.05093351751565933	-0.288067	No	
row_114	AMFR	autocrine motility factor receptor [Source:HGNC Symbol;Acc:HGNC:463]	14478	-0.051274389028549194	-0.28734952	No	
row_115	TFAP2C	transcription factor AP-2 gamma [Source:HGNC Symbol;Acc:HGNC:11744]	14505	-0.05156613141298294	-0.2864704	No	
row_116	PDZK1	PDZ domain containing 1 [Source:HGNC Symbol;Acc:HGNC:8821]	14564	-0.052252355962991714	-0.28715515	No	
row_117	RPS6KA2	ribosomal protein S6 kinase A2 [Source:HGNC Symbol;Acc:HGNC:10431]	14594	-0.05256882309913635	-0.2863831	No	
row_118	HMGCS2	3-hydroxy-3-methylglutaryl-CoA synthase 2 [Source:HGNC Symbol;Acc:HGNC:5008]	14829	-0.055489275604486465	-0.29569152	No	
row_119	XBP1	X-box binding protein 1 [Source:HGNC Symbol;Acc:HGNC:12801]	14843	-0.05562122166156769	-0.29399446	No	
row_120	AGR2	anterior gradient 2, protein disulphide isomerase family member [Source:HGNC Symbol;Acc:HGNC:328]	14961	-0.057342011481523514	-0.2974013	No	
row_121	GALE	UDP-galactose-4-epimerase [Source:HGNC Symbol;Acc:HGNC:4116]	15004	-0.0579916313290596	-0.2970478	No	
row_122	WFS1	wolframin ER transmembrane glycoprotein [Source:HGNC Symbol;Acc:HGNC:12762]	15020	-0.05821632221341133	-0.2953409	No	
row_123	LSR	lipolysis stimulated lipoprotein receptor [Source:HGNC Symbol;Acc:HGNC:29572]	15055	-0.058834947645664215	-0.29455364	No	
row_124	S100A9	S100 calcium binding protein A9 [Source:HGNC Symbol;Acc:HGNC:10499]	15124	-0.060021236538887024	-0.29540867	No	
row_125	RABEP1	rabaptin, RAB GTPase binding effector protein 1 [Source:HGNC Symbol;Acc:HGNC:17677]	15363	-0.06378445774316788	-0.30456662	No	
row_126	TMPRSS3	transmembrane serine protease 3 [Source:HGNC Symbol;Acc:HGNC:11877]	15455	-0.06550732254981995	-0.30633524	No	
row_127	DHRS2	dehydrogenase/reductase 2 [Source:HGNC Symbol;Acc:HGNC:18349]	15545	-0.06670869886875153	-0.3079537	No	
row_128	PTGES	prostaglandin E synthase [Source:HGNC Symbol;Acc:HGNC:9599]	15637	-0.0682857483625412	-0.3096052	No	
row_129	PRKAR2B	protein kinase cAMP-dependent type II regulatory subunit beta [Source:HGNC Symbol;Acc:HGNC:9392]	15740	-0.07024739682674408	-0.3117216	No	
row_130	FAM102A	family with sequence similarity 102 member A [Source:HGNC Symbol;Acc:HGNC:31419]	15771	-0.0707421824336052	-0.3102334	No	
row_131	SLC29A1	solute carrier family 29 member 1 (Augustine blood group) [Source:HGNC Symbol;Acc:HGNC:11003]	15801	-0.07149504870176315	-0.30866373	No	
row_132	TRIM29	tripartite motif containing 29 [Source:HGNC Symbol;Acc:HGNC:17274]	15813	-0.07178030908107758	-0.30618608	No	
row_133	TPD52L1	TPD52 like 1 [Source:HGNC Symbol;Acc:HGNC:12006]	15894	-0.07305960357189178	-0.3070889	No	
row_134	SLC1A4	solute carrier family 1 member 4 [Source:HGNC Symbol;Acc:HGNC:10942]	15896	-0.0730854943394661	-0.30405855	No	
row_135	DNAJC1	DnaJ heat shock protein family (Hsp40) member C1 [Source:HGNC Symbol;Acc:HGNC:20090]	15904	-0.07326279580593109	-0.30131933	No	
row_136	SCUBE2	signal peptide, CUB domain and EGF like domain containing 2 [Source:HGNC Symbol;Acc:HGNC:30425]	16019	-0.0748211145401001	-0.30384022	No	
row_137	ACOX2	acyl-CoA oxidase 2 [Source:HGNC Symbol;Acc:HGNC:120]	16062	-0.07566045224666595	-0.30274206	No	
row_138	ISG20	interferon stimulated exonuclease gene 20 [Source:HGNC Symbol;Acc:HGNC:6130]	16136	-0.07703621685504913	-0.30312887	No	
row_139	CAV1	caveolin 1 [Source:HGNC Symbol;Acc:HGNC:1527]	16223	-0.07855229079723358	-0.30409887	No	
row_140	TPSAB1	tryptase alpha/beta 1 [Source:HGNC Symbol;Acc:HGNC:12019]	16299	-0.08029963076114655	-0.3044477	No	
row_141	NBL1	NBL1, DAN family BMP antagonist [Source:HGNC Symbol;Acc:HGNC:7650]	16333	-0.08099040389060974	-0.30267695	No	
row_142	MEST	mesoderm specific transcript [Source:HGNC Symbol;Acc:HGNC:7028]	16376	-0.0816936045885086	-0.3013245	No	
row_143	PCP4	Purkinje cell protein 4 [Source:HGNC Symbol;Acc:HGNC:8742]	16379	-0.08178090304136276	-0.29797742	No	
row_144	CA2	carbonic anhydrase 2 [Source:HGNC Symbol;Acc:HGNC:1373]	16388	-0.0819898247718811	-0.2949202	No	
row_145	CCND1	cyclin D1 [Source:HGNC Symbol;Acc:HGNC:1582]	16584	-0.08624819666147232	-0.30099118	No	
row_146	ST14	suppression of tumorigenicity 14 [Source:HGNC Symbol;Acc:HGNC:11344]	16626	-0.08720739930868149	-0.29935658	No	
row_147	CALCR	calcitonin receptor [Source:HGNC Symbol;Acc:HGNC:1440]	16773	-0.09088154137134552	-0.30279335	No	
row_148	MAPK13	mitogen-activated protein kinase 13 [Source:HGNC Symbol;Acc:HGNC:6875]	16810	-0.09167598187923431	-0.3007216	No	
row_149	SEMA3B	semaphorin 3B [Source:HGNC Symbol;Acc:HGNC:10724]	16904	-0.09493108093738556	-0.3013497	No	
row_150	OPN3	opsin 3 [Source:HGNC Symbol;Acc:HGNC:14007]	16961	-0.09613693505525589	-0.3000854	No	
row_151	MICB	MHC class I polypeptide-related sequence B [Source:HGNC Symbol;Acc:HGNC:7091]	17458	-0.10983892530202866	-0.32014397	Yes	
row_152	UNC13B	unc-13 homolog B [Source:HGNC Symbol;Acc:HGNC:12566]	17517	-0.11175622791051865	-0.31832093	Yes	
row_153	AFF1	AF4/FMR2 family member 1 [Source:HGNC Symbol;Acc:HGNC:7135]	17532	-0.11241070181131363	-0.31428027	Yes	
row_154	SLC9A3R1	SLC9A3 regulator 1 [Source:HGNC Symbol;Acc:HGNC:11075]	17631	-0.11580989509820938	-0.31427735	Yes	
row_155	AREG	amphiregulin [Source:HGNC Symbol;Acc:HGNC:651]	17753	-0.12044563889503479	-0.31522384	Yes	
row_156	FRK	fyn related Src family tyrosine kinase [Source:HGNC Symbol;Acc:HGNC:3955]	17763	-0.12074603885412216	-0.31058303	Yes	
row_157	PGR	progesterone receptor [Source:HGNC Symbol;Acc:HGNC:8910]	17771	-0.12094691395759583	-0.3058342	Yes	
row_158	TOB1	transducer of ERBB2, 1 [Source:HGNC Symbol;Acc:HGNC:11979]	17774	-0.12111475318670273	-0.30082944	Yes	
row_159	PTGER3	prostaglandin E receptor 3 [Source:HGNC Symbol;Acc:HGNC:9595]	17980	-0.13039655983448029	-0.30553752	Yes	
row_160	CXCL14	C-X-C motif chemokine ligand 14 [Source:HGNC Symbol;Acc:HGNC:10640]	17986	-0.1306440383195877	-0.30028048	Yes	
row_161	MAPT	microtubule associated protein tau [Source:HGNC Symbol;Acc:HGNC:6893]	18102	-0.1357586532831192	-0.30028296	Yes	
row_162	LTF	lactotransferrin [Source:HGNC Symbol;Acc:HGNC:6720]	18118	-0.13661432266235352	-0.29527205	Yes	
row_163	BLVRB	biliverdin reductase B [Source:HGNC Symbol;Acc:HGNC:1063]	18214	-0.14139196276664734	-0.29404163	Yes	
row_164	JAK2	Janus kinase 2 [Source:HGNC Symbol;Acc:HGNC:6192]	18220	-0.1415594220161438	-0.28832456	Yes	
row_165	LAMC2	laminin subunit gamma 2 [Source:HGNC Symbol;Acc:HGNC:6493]	18326	-0.14757394790649414	-0.28733137	Yes	
row_166	CCNA1	cyclin A1 [Source:HGNC Symbol;Acc:HGNC:1577]	18402	-0.15137575566768646	-0.28468475	Yes	
row_167	PRSS23	serine protease 23 [Source:HGNC Symbol;Acc:HGNC:14370]	18414	-0.15176646411418915	-0.27883616	Yes	
row_168	DYNLT3	dynein light chain Tctex-type 3 [Source:HGNC Symbol;Acc:HGNC:11694]	18460	-0.1544536054134369	-0.27456662	Yes	
row_169	SLC24A3	solute carrier family 24 member 3 [Source:HGNC Symbol;Acc:HGNC:10977]	18571	-0.1604781150817871	-0.27327845	Yes	
row_170	IGFBP4	insulin like growth factor binding protein 4 [Source:HGNC Symbol;Acc:HGNC:5473]	18639	-0.16481046378612518	-0.26966742	Yes	
row_171	ST6GALNAC2	ST6 N-acetylgalactosaminide alpha-2,6-sialyltransferase 2 [Source:HGNC Symbol;Acc:HGNC:10867]	18678	-0.16698911786079407	-0.26452115	Yes	
row_172	IGSF1	immunoglobulin superfamily member 1 [Source:HGNC Symbol;Acc:HGNC:5948]	18687	-0.16758807003498077	-0.25785646	Yes	
row_173	JAK1	Janus kinase 1 [Source:HGNC Symbol;Acc:HGNC:6190]	18776	-0.173141747713089	-0.25493956	Yes	
row_174	PAPSS2	3'-phosphoadenosine 5'-phosphosulfate synthase 2 [Source:HGNC Symbol;Acc:HGNC:8604]	18905	-0.18176904320716858	-0.25365004	Yes	
row_175	RAB31	RAB31, member RAS oncogene family [Source:HGNC Symbol;Acc:HGNC:9771]	18989	-0.18771673738956451	-0.24987003	Yes	
row_176	EMP2	epithelial membrane protein 2 [Source:HGNC Symbol;Acc:HGNC:3334]	19040	-0.19187678396701813	-0.24427217	Yes	
row_177	PRLR	prolactin receptor [Source:HGNC Symbol;Acc:HGNC:9446]	19120	-0.19866326451301575	-0.23983173	Yes	
row_178	CDH1	cadherin 1 [Source:HGNC Symbol;Acc:HGNC:1748]	19231	-0.21153871715068817	-0.23639165	Yes	
row_179	PTPN6	protein tyrosine phosphatase non-receptor type 6 [Source:HGNC Symbol;Acc:HGNC:9658]	19249	-0.2129412442445755	-0.22826351	Yes	
row_180	FOS	Fos proto-oncogene, AP-1 transcription factor subunit [Source:HGNC Symbol;Acc:HGNC:3796]	19295	-0.21683450043201447	-0.22136496	Yes	
row_181	SERPINA1	serpin family A member 1 [Source:HGNC Symbol;Acc:HGNC:8941]	19309	-0.21850232779979706	-0.21280336	Yes	
row_182	TFPI2	tissue factor pathway inhibitor 2 [Source:HGNC Symbol;Acc:HGNC:11761]	19310	-0.21887221932411194	-0.20357913	Yes	
row_183	MYOF	myoferlin [Source:HGNC Symbol;Acc:HGNC:3656]	19454	-0.23400947451591492	-0.20083456	Yes	
row_184	CXCL12	C-X-C motif chemokine ligand 12 [Source:HGNC Symbol;Acc:HGNC:10672]	19527	-0.24360962212085724	-0.19415146	Yes	
row_185	IL6ST	interleukin 6 signal transducer [Source:HGNC Symbol;Acc:HGNC:6021]	19539	-0.24494493007659912	-0.18437591	Yes	
row_186	ZFP36	ZFP36 ring finger protein [Source:HGNC Symbol;Acc:HGNC:12862]	19578	-0.2508927583694458	-0.17569359	Yes	
row_187	SERPINA3	serpin family A member 3 [Source:HGNC Symbol;Acc:HGNC:16]	19600	-0.25456857681274414	-0.16601019	Yes	
row_188	SGK1	serum/glucocorticoid regulated kinase 1 [Source:HGNC Symbol;Acc:HGNC:10810]	19684	-0.2668112516403198	-0.15889679	Yes	
row_189	NPY1R	neuropeptide Y receptor Y1 [Source:HGNC Symbol;Acc:HGNC:7956]	19768	-0.285351037979126	-0.15100203	Yes	
row_190	KLF4	Kruppel like factor 4 [Source:HGNC Symbol;Acc:HGNC:6348]	19788	-0.29095399379730225	-0.13968565	Yes	
row_191	CD9	CD9 molecule [Source:HGNC Symbol;Acc:HGNC:1709]	19916	-0.3231116533279419	-0.13238955	Yes	
row_192	TH	tyrosine hydroxylase [Source:HGNC Symbol;Acc:HGNC:11782]	19919	-0.32415178418159485	-0.1188279	Yes	
row_193	PLAAT3	phospholipase A and acyltransferase 3 [Source:HGNC Symbol;Acc:HGNC:17825]	19952	-0.33406126499176025	-0.10634185	Yes	
row_194	HSPB8	heat shock protein family B (small) member 8 [Source:HGNC Symbol;Acc:HGNC:30171]	19998	-0.34700196981430054	-0.09395746	Yes	
row_195	ATP2B4	ATPase plasma membrane Ca2+ transporting 4 [Source:HGNC Symbol;Acc:HGNC:817]	20168	-0.43402644991874695	-0.0840774	Yes	
row_196	SNX10	sorting nexin 10 [Source:HGNC Symbol;Acc:HGNC:14974]	20179	-0.4413106441497803	-0.06597637	Yes	
row_197	SERPINA5	serpin family A member 5 [Source:HGNC Symbol;Acc:HGNC:8723]	20215	-0.47755059599876404	-0.04759235	Yes	
row_198	KRT19	keratin 19 [Source:HGNC Symbol;Acc:HGNC:6436]	20263	-0.5899097323417664	-0.025070312	Yes	
row_199	CD44	CD44 molecule (Indian blood group) [Source:HGNC Symbol;Acc:HGNC:1681]	20277	-0.6255731582641602	6.4704084E-4	Yes	
